structure(list(instant = c(1L, 2L, 3L, 4L, 5L, 6L,
                           7L, 8L, 9L, 10L, 11L, 12L,
                           401L, 402L, 403L, 404L, 405L, 406L,
                           407L, 408L, 409L, 410L, 411L, 412L,
                           801L, 802L, 803L, 804L, 805L, 806L,
                           807L, 808L, 809L, 810L, 811L, 812L,
                           1201L, 1202L, 1203L, 1204L, 1205L, 1206L,
                           1207L, 1208L, 1209L, 1210L, 1211L, 1212L),
               dteday = c("01/01/2011", "01/01/2011", "01/01/2011",
                          "01/01/2011", "01/01/2011", "01/01/2011",
                          "01/01/2011", "01/01/2011", "01/01/2011",
                          "01/01/2011", "01/01/2011", "01/01/2011",
                          "18/01/2011", "18/01/2011", "18/01/2011",
                          "18/01/2011", "18/01/2011", "18/01/2011",
                          "18/01/2011", "18/01/2011", "19/01/2011",
                          "19/01/2011", "19/01/2011", "19/01/2011",
                          "05/02/2011", "05/02/2011", "05/02/2011",
                          "05/02/2011", "05/02/2011", "06/02/2011",
                          "06/02/2011", "06/02/2011", "06/02/2011",
                          "06/02/2011", "06/02/2011", "06/02/2011",
                          "23/02/2011", "23/02/2011", "23/02/2011",
                          "23/02/2011", "23/02/2011", "23/02/2011",
                          "23/02/2011", "23/02/2011", "23/02/2011",
                          "23/02/2011", "23/02/2011", "23/02/2011"),
               season = c(1L, 1L, 1L, 1L, 1L, 1L, 1L, 1L, 1L, 1L, 1L, 1L,
                          1L, 1L, 1L, 1L, 1L, 1L, 1L, 1L, 1L, 1L, 1L, 1L,
                          1L, 1L, 1L, 1L, 1L, 1L, 1L, 1L, 1L, 1L, 1L, 1L,
                          1L, 1L, 1L, 1L, 1L, 1L, 1L, 1L, 1L, 1L, 1L, 1L),
               yr = c(0L, 0L, 0L, 0L, 0L, 0L, 0L, 0L, 0L, 0L, 0L, 0L,
                      0L, 0L, 0L, 0L, 0L, 0L, 0L, 0L, 0L, 0L, 0L, 0L,
                      0L, 0L, 0L, 0L, 0L, 0L, 0L, 0L, 0L, 0L, 0L, 0L,
                      0L, 0L, 0L, 0L, 0L, 0L, 0L, 0L, 0L, 0L, 0L, 0L),
               mnth = c(1L, 1L, 1L, 1L, 1L, 1L, 1L, 1L, 1L, 1L, 1L, 1L,
                        1L, 1L, 1L, 1L, 1L, 1L, 1L, 1L, 1L, 1L, 1L, 1L,
                        2L, 2L, 2L, 2L, 2L, 2L, 2L, 2L, 2L, 2L, 2L, 2L,
                        2L, 2L, 2L, 2L, 2L, 2L, 2L, 2L, 2L, 2L, 2L, 2L),
               hr = c(0L, 1L, 2L, 3L, 4L, 5L, 6L, 7L, 8L, 9L, 10L, 11L,
                      16L, 17L, 18L, 19L, 20L, 21L, 22L, 23L, 0L, 1L,
                      2L, 4L, 19L, 20L, 21L, 22L, 23L, 0L, 1L, 2L, 3L,
                      4L, 5L, 6L, 1L, 2L, 3L, 5L, 6L, 7L, 8L, 9L,
                      10L, 11L, 12L, 13L),
               holiday = c(0L, 0L, 0L, 0L, 0L, 0L, 0L, 0L, 0L, 0L,
                           0L, 0L, 0L, 0L, 0L, 0L, 0L, 0L, 0L, 0L,
                           0L, 0L, 0L, 0L, 0L, 0L, 0L, 0L, 0L, 0L,
                           0L, 0L, 0L, 0L, 0L, 0L, 0L, 0L, 0L, 0L,
                           0L, 0L, 0L, 0L, 0L, 0L, 0L, 0L),
               weekday = c(6L, 6L, 6L, 6L, 6L, 6L, 6L, 6L, 6L, 6L, 6L, 6L,
                           2L, 2L, 2L, 2L, 2L, 2L, 2L, 2L, 3L, 3L, 3L, 3L,
                           6L, 6L, 6L, 6L, 6L, 0L, 0L, 0L, 0L, 0L, 0L, 0L,
                           3L, 3L, 3L, 3L, 3L, 3L, 3L, 3L, 3L, 3L, 3L, 3L),
               workingday = c(0L, 0L, 0L, 0L, 0L, 0L, 0L, 0L, 0L, 0L, 0L, 0L,
                              1L, 1L, 1L, 1L, 1L, 1L, 1L, 1L, 1L, 1L, 1L, 1L,
                              0L, 0L, 0L, 0L, 0L, 0L, 0L, 0L, 0L, 0L, 0L, 0L,
                              1L, 1L, 1L, 1L, 1L, 1L, 1L, 1L, 1L, 1L, 1L, 1L),
               weathersit = c(1L, 1L, 1L, 1L, 1L, 2L, 1L, 1L, 1L, 1L, 1L, 1L,
                              2L, 2L, 2L, 2L, 2L, 2L, 2L, 2L, 2L, 3L, 3L, 3L,
                              2L, 1L, 1L, 1L, 1L, 1L, 1L, 1L, 1L, 1L, 1L, 1L,
                              1L, 1L, 1L, 1L, 1L, 1L, 1L, 1L, 1L, 1L, 1L, 1L),
               temp = c(0.24, 0.22, 0.22, 0.24, 0.24, 0.24, 0.22, 0.2, 0.24,
                        0.32, 0.38, 0.36, 0.22, 0.22, 0.22, 0.22, 0.22, 0.22,
                        0.22, 0.22, 0.22, 0.22, 0.22, 0.22, 0.28, 0.3, 0.26,
                        0.26, 0.26, 0.26, 0.26, 0.26, 0.26, 0.26, 0.26, 0.26,
                        0.14, 0.12, 0.12, 0.12, 0.12, 0.12, 0.14, 0.18, 0.2,
                        0.24, 0.26, 0.3),
               atemp = c(0.2879, 0.2727, 0.2727, 0.2879, 0.2879, 0.2576,
                         0.2727, 0.2576, 0.2879, 0.3485, 0.3939, 0.3333,
                         0.2273, 0.2273, 0.2273, 0.2273, 0.2727, 0.2424,
                         0.2576, 0.2727, 0.2727, 0.2273, 0.2273, 0.2273,
                         0.2424, 0.2879, 0.2576, 0.2727, 0.2576, 0.2576,
                         0.2273, 0.2273, 0.2879, 0.2273, 0.2576, 0.2576,
                         0.1515, 0.1515, 0.1364, 0.1515, 0.1515, 0.1515,
                         0.1515, 0.2121, 0.2576, 0.2576, 0.2879, 0.3182),
               hum = c(0.81, 0.8, 0.8, 0.75, 0.75, 0.75, 0.8, 0.86, 0.75,
                       0.76, 0.76, 0.81, 0.87, 0.82, 0.8, 0.8, 0.87, 0.93,
                       0.93, 0.93, 0.93, 0.93, 0.93, 0.93, 0.93, 0.87, 1,
                       0.93, 0.93, 0.7, 0.65, 0.6, 0.6, 0.6, 0.6, 0.6,
                       0.46, 0.5, 0.5, 0.5, 0.5, 0.54, 0.54, 0.51, 0.4,
                       0.41, 0.35, 0.28),
               windspeed = c(0, 0, 0, 0, 0, 0.0896, 0, 0, 0, 0, 0.2537,
                             0.2836, 0.194, 0.194, 0.1642, 0.1343, 0,
                             0.1045, 0.0896, 0, 0, 0.1343, 0.1343, 0.1343,
                             0.4478, 0.2537, 0.194, 0.1343, 0.2239, 0.194,
                             0.4179, 0.3284, 0.0896, 0.3582, 0.2239, 0.2239,
                             0.1642, 0.1343, 0.1642, 0.1045, 0.1045, 0.1343,
                             0.1642, 0.0896, 0, 0.1045, 0.0896, 0.0896),
               casual = c(3L, 8L, 5L, 3L, 0L, 0L, 2L, 1L, 1L, 8L, 12L, 26L,
                          0L, 1L, 1L, 1L, 0L, 0L, 0L, 1L, 0L, 1L, 0L, 1L,
                          6L, 5L, 3L, 2L, 7L, 2L, 4L, 0L, 3L, 0L, 0L, 0L,
                          0L, 0L, 0L, 0L, 0L, 2L, 8L, 9L, 4L, 16L, 11L, 9L),
               registered = c(13L, 32L, 27L, 10L, 1L, 1L, 0L, 2L, 7L, 6L, 24L,
                              30L, 61L, 124L, 132L, 98L, 83L, 41L, 33L, 19L,
                              3L, 6L, 3L, 1L, 78L, 64L, 53L, 43L, 52L, 37L,
                              40L, 20L, 10L, 2L, 1L, 1L, 4L, 1L, 2L, 8L, 36L,
                              94L, 227L, 130L, 47L, 53L, 56L, 78L),
               cnt = c(16L, 40L, 32L, 13L, 1L, 1L, 2L, 3L, 8L, 14L, 36L, 56L,
                       61L, 125L, 133L, 99L, 83L, 41L, 33L, 20L, 3L, 7L, 3L,
                       2L, 84L, 69L, 56L, 45L, 59L, 39L, 44L, 20L, 13L, 2L,
                       1L, 1L, 4L, 1L, 2L, 8L, 36L, 96L, 235L, 139L, 51L, 69L,
                       67L, 87L)),
          row.names = c(1L, 2L, 3L, 4L, 5L, 6L, 7L, 8L, 9L, 10L, 11L,
                        12L, 401L, 402L, 403L, 404L, 405L, 406L, 407L,
                        408L, 409L, 410L, 411L, 412L, 801L, 802L, 803L,
                        804L, 805L, 806L, 807L, 808L, 809L, 810L, 811L,
                        812L, 1201L, 1202L, 1203L, 1204L, 1205L, 1206L,
                        1207L, 1208L, 1209L, 1210L, 1211L, 1212L),
          class = "data.frame")
